alpha : 0.012008891280997362 précision : 0
beta : -0.5351112857367752 précision 0