alpha : 0.009997597349497421 précision : 0
beta : -0.0922524922178809 précision 0