alpha : 0.011007600506021405 précision : 0
beta : -0.03297216606551956 précision 0