alpha : 0.10382871093451045 précision : 478226.7931399655
beta : 498.97466796959475 précision 1307418684214149.8