alpha : 0.9775123338896926 précision : 1285181.042007079
beta : -69316.50887619713 précision 7567287626199278.0